673
762
497
152
759
687
508
357
722
70
228
145
122
599
294
487
743
305
512
96
221
299
596
248
110
181
31
389
533
165
76
184
532
583
222
215
815
418
489
473
480
588
301
277
527
37
365
727
517
408
515
521
142
368
303
54
406
709
736
449
30
10
404
91
661
717
614
542
106
561
439
405
233
455
658
739
654
551
261
172
741
173
719
201
232
270
0
160
135
121
686
755
41
3
801
729
416
547
314
788
19
341
104
619
382
803
93
514
150
671
126
179
175
518
562
776
62
783
390
376
557
105
192
12
272
444
195
71
782
254
130
171
536
14
252
638
102
442
235
211
435
263
443
591
393
257
136
502
205
256
540
146
565
214
15
493
1
486
90
742
744
229
500
575
57
352
627
21
573
563
494
180
243
289
246
446
39
611
615
295
350
186
509
403
114
752
698
643
33
600
747
635
343
68
705
188
499
564
359
784
592
554
364
753
336
354
478
285
603
748
424
712
291
711
292
715
244
723
491
149
164
360
721
481
637
552
812
757
585
609
48
190
210
668
166
282
97
75
161
476
448
43
123
453
799
124
534
317
11
370
633
144
154
580
629
746
42
708
463
604
99
431
395
415
302
648
677
675
329
394
628
430
386
337
339
710
506
495
61
772
148
240
72
700
300
794
278
581
526
60
378
265
379
645
311
436
613
528
433
412
377
177
639
767
750
584
380
410
730
264
462
293
567
787
250
691
66
652
595
203
510
220
297
251
701
316
445
761
92
402
55
728
159
470
83
158
351
814
147
646
447
802
605
650
522
649
133
407
327
347
674
4
578
624
560
672
780
656
209
756
813
324
225
454
237
326
231
483
763
40
498
807
555
26
25
590
399
758
663
117
174
275
420
770
84
167
657
363
27
262
496
398
516
524
234
797
545
707
774
193
8
81
183
589
636
765
737
202
255
606
109
582
731
519
108
23
778
634
112
387
779
185
472
456
702
274
319
647
808
349
659
618
684
703
461
115
249
660
419
276
608
86
344
128
245
667
566
362
35
725
798
769
734
156
413
375
88
178
539
290
811
740
36
733
474
51
218
163
298
414
764
361
651
182
52
366
805
477
466
720
353
471
56
503
111
745
574
157
342
485
267
465
200
482
7
593
198
548
738
236
570
553
694
140
749
602
306
38
531
358
335
95
423
786
541
79
325
690
29
693
529
572
28
640
98
280
103
607
535
781
194
94
82
328
155
644
576
187
199
642
537
331
683
789
601
334
556
333
59
681
227
682
284
271
176
411
381
678
330
623
479
34
450
279
392
427
371
170
768
577
309
224
688
735
594
467
438
226
219
622
475
452
107
213
597
425
308
697
464
101
428
441
417
437
356
616
348
18
16
312
458
796
239
191
664
421
396
432
151
586
168
530
666
125
113
665
58
401
676
258
321
320
732
692
630
259
523
669
253
440
260
457
197
713
169
310
726
69
751
544
367
127
217
689
5
631
460
87
131
505
64
85
332
323
484
118
724
6
587
625
315
507
287
558
391
373
621
318
777
120
307
340
206
47
511
383
189
143
632
568
434
268
695
459
504
610
230
369
65
804
46
208
718
620
74
699
549
116
129
345
372
